labels 1 0
1 0.788136 0.211864
1 0.798039 0.201961
0 0.296467 0.703533
0 0.38089 0.61911
1 0.85639 0.14361
1 0.547783 0.452217
1 0.965911 0.0340887
0 0.29972 0.70028
1 0.896506 0.103494
0 0.154013 0.845987
1 0.94145 0.0585504
1 0.94631 0.05369
1 0.583088 0.416912
1 0.890727 0.109273
0 0.0349657 0.965034
0 0.474142 0.525858
1 0.729068 0.270932
1 0.646841 0.353159
1 0.650941 0.349059
1 0.975794 0.0242062
0 0.182274 0.817726
1 0.877001 0.122999
0 0.042481 0.957519
1 0.791159 0.208841
0 0.0345381 0.965462
0 0.297937 0.702063
0 0.19564 0.80436
0 0.0280724 0.971928
1 0.512937 0.487063
0 0.419352 0.580648
1 0.571537 0.428463
1 0.743849 0.256151
1 0.625985 0.374015
0 0.489891 0.510109
1 0.959907 0.0400928
1 0.619083 0.380917
1 0.856891 0.143109
1 0.841442 0.158558
0 0.114343 0.885657
0 0.096424 0.903576
1 0.568244 0.431756
1 0.876524 0.123476
0 0.395691 0.604309
1 0.666802 0.333198
0 0.0707614 0.929239
1 0.843863 0.156137
1 0.859848 0.140152
0 0.277422 0.722578
1 0.642039 0.357961
1 0.843176 0.156824
0 0.1269 0.8731
0 0.456377 0.543623
1 0.953156 0.0468441
1 0.671807 0.328193
1 0.611833 0.388167
1 0.523646 0.476354
1 0.877076 0.122924
0 0.274859 0.725141
1 0.701558 0.298442
1 0.930533 0.0694666
1 0.977507 0.022493
1 0.681417 0.318583
1 0.887626 0.112374
1 0.750909 0.249091
1 0.547328 0.452672
1 0.794007 0.205993
1 0.698036 0.301964
1 0.685794 0.314206
0 0.174846 0.825154
0 0.0393916 0.960608
0 0.130694 0.869306
0 0.109098 0.890902
0 0.209804 0.790196
1 0.978659 0.0213409
1 0.670907 0.329093
1 0.86453 0.13547
1 0.980416 0.0195843
1 0.5 0.5
0 0.101241 0.898759
0 0.135191 0.864809
0 0.0593596 0.94064
1 0.669722 0.330278
0 0.216413 0.783587
1 0.768481 0.231519
1 0.856789 0.143211
1 0.983754 0.0162457
0 0.307118 0.692882
1 0.814848 0.185152
0 0.166966 0.833034
1 0.683572 0.316428
1 0.909819 0.0901813
1 0.71534 0.28466
0 0.442265 0.557735
1 0.723631 0.276369
1 0.5 0.5
1 0.5 0.5
1 0.532879 0.467121
1 0.523314 0.476686
0 0.214157 0.785843
1 0.804257 0.195743
1 0.588475 0.411525
1 0.966072 0.0339281
1 0.928856 0.0711445
0 0.320038 0.679962
1 0.917739 0.082261
1 0.700358 0.299642
1 0.954021 0.0459794
1 0.657233 0.342767
0 0.0478168 0.952183
0 0.00856189 0.991438
0 0.318794 0.681206
1 0.939391 0.0606095
0 0.304771 0.695229
1 0.945514 0.0544858
1 0.755026 0.244974
0 0.101592 0.898408
1 0.79367 0.20633
1 0.741424 0.258576
0 0.155576 0.844424
0 0.241302 0.758698
1 0.51725 0.48275
0 0.471112 0.528888
0 0.0621782 0.937822
1 0.598496 0.401504
1 0.7238 0.2762
1 0.96952 0.0304803
0 0.337671 0.662329
1 0.928585 0.0714152
1 0.792432 0.207568
1 0.965743 0.0342573
1 0.978065 0.0219346
0 0.0323952 0.967605
1 0.604912 0.395088
1 0.888124 0.111876
0 0.129917 0.870083
0 0.118092 0.881908
1 0.734085 0.265915
1 0.720658 0.279342
1 0.856897 0.143103
0 0.144518 0.855482
1 0.661571 0.338429
1 0.869079 0.130921
1 0.652753 0.347247
1 0.769028 0.230972
1 0.573274 0.426726
1 0.84115 0.15885
1 0.832085 0.167915
1 0.684264 0.315736
1 0.913099 0.0869009
0 0.271571 0.728429
0 0.448209 0.551791
0 0.238854 0.761146
1 0.527652 0.472348
1 0.550039 0.449961
1 0.924748 0.0752523
1 0.890056 0.109944
0 0.0926226 0.907377
1 0.742452 0.257548
0 0.218088 0.781912
1 0.730124 0.269876
1 0.913581 0.0864195
1 0.974962 0.0250383
0 0.293769 0.706231
0 0.413266 0.586734
0 0.414514 0.585486
0 0.0520616 0.947938
0 0.45518 0.54482
0 0.135565 0.864435
0 0.307082 0.692918
1 0.970664 0.0293361
1 0.755401 0.244599
1 0.929342 0.070658
1 0.833507 0.166493
1 0.910231 0.089769
1 0.626531 0.373469
1 0.897663 0.102337
0 0.17152 0.82848
1 0.53859 0.46141
1 0.91753 0.0824701
1 0.902956 0.0970443
0 0.124087 0.875913
0 0.227923 0.772077
1 0.973427 0.0265727
1 0.679365 0.320635
1 0.970918 0.0290824
1 0.907958 0.0920424
1 0.722495 0.277505
1 0.866608 0.133392
1 0.93119 0.0688099
1 0.914647 0.0853532
0 0.0434145 0.956585
1 0.96334 0.0366604
0 0.276309 0.723691
1 0.93409 0.0659105
0 0.0743928 0.925607
1 0.989657 0.010343
1 0.962348 0.037652
1 0.601638 0.398362
0 0.0108171 0.989183
0 0.146998 0.853002
0 0.0707102 0.92929
0 0.0376511 0.962349
0 0.0182969 0.981703
0 0.00253364 0.997466
0 0.0293538 0.970646
0 0.300891 0.699109
0 0.0809268 0.919073
0 0.00265074 0.997349
0 0.0375221 0.962478
0 0.0398615 0.960138
0 0.00487488 0.995125
0 0.00601058 0.993989
0 0.0621941 0.937806
0 0.0110828 0.988917
0 0.208338 0.791662
0 0.00582723 0.994173
0 0.159935 0.840065
0 8.62452e-06 0.999991
0 0.0436446 0.956355
0 0.0692162 0.930784
0 0.00618043 0.99382
0 0.0259055 0.974095
0 6.20731e-06 0.999994
0 0.0101117 0.989888
0 0.257247 0.742753
0 0.013291 0.986709
0 0.224326 0.775674
0 7.63677e-06 0.999992
1 0.783644 0.216356
0 0.0287244 0.971276
0 0.0142894 0.985711
0 0.127572 0.872428
0 0.150463 0.849537
0 0.016208 0.983792
1 0.694362 0.305638
0 0.0401561 0.959844
0 0.0632113 0.936789
0 0.468387 0.531613
0 0.00585197 0.994148
0 0.0187175 0.981282
0 0.00608342 0.993917
0 0.095707 0.904293
0 0.0496221 0.950378
0 0.00568305 0.994317
0 0.0914644 0.908536
1 0.624857 0.375143
0 0.0267853 0.973215
0 0.0144255 0.985574
0 0.191834 0.808166
0 0.20979 0.79021
0 0.0276884 0.972312
0 2.88826e-06 0.999997
0 0.00980899 0.990191
0 0.00663331 0.993367
0 0.0290731 0.970927
0 6.17391e-06 0.999994
0 0.00709448 0.992906
0 0.00265385 0.997346
0 0.241831 0.758169
0 0.0321112 0.967889
0 0.0809616 0.919038
0 0.0454 0.9546
0 6.1264e-06 0.999994
0 9.10139e-07 0.999999
1 0.534668 0.465332
0 0.0823596 0.91764
0 1.62118e-05 0.999984
0 0.00814374 0.991856
0 0.283016 0.716984
0 0.286625 0.713375
0 0.003165 0.996835
0 0.0347253 0.965275
0 0.0152405 0.984759
0 0.0304553 0.969545
0 0.264567 0.735433
0 0.0660045 0.933995
0 1.37874e-05 0.999986
0 0.0580962 0.941904
0 0.00458387 0.995416
0 0.421513 0.578487
0 1.31569e-05 0.999987
0 0.332711 0.667289
0 0.00430978 0.99569
0 1.3293e-05 0.999987
0 0.01199 0.98801
0 0.244554 0.755446
0 0.449921 0.550079
0 0.293191 0.706809
0 0.00345619 0.996544
0 0.0316684 0.968332
1 0.635254 0.364746
1 0.784041 0.215959
0 1.05202e-06 0.999999
0 0.0273249 0.972675
1 0.592185 0.407815
0 1.10574e-05 0.999989
0 0.217802 0.782198
0 0.010331 0.989669
0 0.0181092 0.981891
0 0.0439711 0.956029
0 0.00996411 0.990036
0 0.00401504 0.995985
0 0.0477987 0.952201
0 0.0318553 0.968145
0 1.03121e-05 0.99999
0 0.0320465 0.967953
0 0.344328 0.655672
0 2.8427e-06 0.999997
0 0.00819953 0.9918
0 0.0169874 0.983013
0 0.022745 0.977255
0 0.020116 0.979884
0 0.00625234 0.993748
0 0.00421953 0.99578
1 0.573148 0.426852
0 0.0181151 0.981885
0 0.00366918 0.996331
0 0.0718855 0.928115
0 0.0133095 0.986691
0 1.6359e-05 0.999984
0 0.00878024 0.99122
0 5.39221e-06 0.999995
0 0.00964864 0.990351
1 0.929462 0.070538
0 0.00390827 0.996092
0 0.0123505 0.987649
1 0.839396 0.160604
0 0.154344 0.845656
0 0.085704 0.914296
0 0.141128 0.858872
0 0.161777 0.838223
0 0.0820725 0.917928
0 0.344985 0.655015
0 0.00903345 0.990967
0 0.00274945 0.997251
0 0.0197191 0.980281
0 0.136065 0.863935
0 0.123363 0.876637
0 0.00520318 0.994797
0 0.00264158 0.997358
0 0.136308 0.863692
0 0.00934579 0.990654
0 0.0242777 0.975722
1 0.577176 0.422824
0 0.00615268 0.993847
0 0.0623347 0.937665
0 0.00297845 0.997022
0 0.0261714 0.973829
0 0.259738 0.740262
0 3.04834e-06 0.999997
0 0.020046 0.979954
0 0.472428 0.527572
0 0.0218865 0.978114
0 1.54639e-06 0.999998
0 0.00628926 0.993711
0 5.05976e-07 0.999999
0 0.0767862 0.923214
0 0.125632 0.874368
0 0.0133651 0.986635
0 0.0108277 0.989172
0 0.163556 0.836444
0 0.0143302 0.98567
0 0.0489326 0.951067
0 0.00447863 0.995521
0 0.013555 0.986445
0 0.0052711 0.994729
0 0.412125 0.587875
0 0.114175 0.885825
0 0.00425882 0.995741
0 0.43609 0.56391
0 0.0100498 0.98995
0 0.00287905 0.997121
0 0.0471106 0.952889
0 0.0206809 0.979319
0 0.0343986 0.965601
0 0.195543 0.804457
0 0.0628089 0.937191
0 0.0188087 0.981191
0 0.0100823 0.989918
0 0.221488 0.778512
0 0.0197156 0.980284
0 0.113776 0.886224
0 0.0985766 0.901423
0 0.0974205 0.902579
0 0.0197995 0.9802
0 0.0122234 0.987777
0 6.77604e-06 0.999993
0 0.048008 0.951992
0 0.194496 0.805504
0 0.209567 0.790433
0 0.012509 0.987491
0 0.0710127 0.928987
0 1.67374e-05 0.999983
0 0.00995154 0.990048
0 0.00536883 0.994631
0 0.0661466 0.933853
0 0.00663087 0.993369
0 0.00647069 0.993529
0 0.00335175 0.996648
0 0.00586676 0.994133
