labels 1 0
1 0.881517 0.118483
1 0.730052 0.269948
1 0.841727 0.158273
0 0.329789 0.670211
1 0.942149 0.0578507
1 0.625232 0.374768
1 0.774491 0.225509
1 0.801572 0.198428
1 0.923102 0.0768979
1 0.650524 0.349476
1 0.9469 0.0531001
1 0.953171 0.0468294
1 0.798538 0.201462
1 0.863954 0.136046
0 0.483346 0.516654
0 0.4144 0.5856
1 0.861237 0.138763
1 0.764089 0.235911
1 0.519344 0.480656
1 0.968481 0.0315191
1 0.805632 0.194368
1 0.785251 0.214749
1 0.60461 0.39539
1 0.913024 0.0869758
1 0.605841 0.394159
0 0.373188 0.626812
1 0.680795 0.319205
0 0.17348 0.82652
1 0.819644 0.180356
1 0.629377 0.370623
1 0.73696 0.26304
1 0.723491 0.276509
0 0.387195 0.612805
1 0.805245 0.194755
1 0.820916 0.179084
0 0.28638 0.71362
1 0.835741 0.164259
1 0.93576 0.0642401
1 0.92093 0.0790698
1 0.910482 0.0895182
1 0.857793 0.142207
1 0.922118 0.0778818
1 0.629204 0.370796
1 0.924464 0.0755357
0 0.440651 0.559349
1 0.87135 0.12865
1 0.761372 0.238628
0 0.445497 0.554503
0 0.421239 0.578761
1 0.828645 0.171355
1 0.757597 0.242403
1 0.809867 0.190133
1 0.936221 0.0637792
1 0.546739 0.453261
1 0.587677 0.412323
1 0.837076 0.162924
1 0.886329 0.113671
1 0.800892 0.199108
1 0.849807 0.150193
1 0.968948 0.0310523
1 0.867468 0.132532
1 0.55298 0.44702
1 0.810772 0.189228
1 0.905924 0.0940757
1 0.83046 0.16954
1 0.783243 0.216757
1 0.721139 0.278861
1 0.775221 0.224779
0 0.422636 0.577364
1 0.843369 0.156631
0 0.330254 0.669746
1 0.81139 0.18861
1 0.613774 0.386226
1 0.899583 0.100417
1 0.730126 0.269874
1 0.929113 0.0708871
1 0.945755 0.0542446
1 0.845624 0.154376
1 0.802852 0.197148
0 0.364501 0.635499
0 0.164923 0.835077
1 0.805197 0.194803
1 0.913076 0.086924
1 0.658893 0.341107
1 0.718673 0.281327
1 0.848243 0.151757
1 0.76589 0.23411
1 0.687612 0.312388
1 0.595822 0.404178
1 0.791249 0.208751
1 0.895813 0.104187
1 0.75077 0.24923
1 0.683972 0.316028
1 0.844339 0.155661
1 0.864429 0.135571
0 0.487713 0.512287
1 0.578008 0.421992
1 0.795549 0.204451
1 0.548483 0.451517
1 0.84188 0.15812
1 0.867453 0.132547
1 0.71016 0.28984
1 0.903996 0.0960036
1 0.789746 0.210254
1 0.771817 0.228183
1 0.665065 0.334935
1 0.759278 0.240722
0 0.408298 0.591702
0 0.312539 0.687461
0 0.0877618 0.912238
1 0.773042 0.226958
1 0.944491 0.0555087
1 0.604973 0.395027
1 0.876798 0.123202
1 0.820223 0.179777
0 0.436202 0.563798
1 0.871005 0.128995
1 0.818508 0.181492
1 0.804685 0.195315
1 0.708789 0.291211
1 0.767102 0.232898
1 0.681418 0.318582
0 0.071668 0.928332
1 0.828939 0.171061
1 0.812488 0.187512
1 0.938016 0.0619837
1 0.730068 0.269932
1 0.92407 0.0759298
1 0.850013 0.149987
1 0.919444 0.0805563
1 0.93634 0.0636603
0 0.443791 0.556209
1 0.699104 0.300896
1 0.615253 0.384747
0 0.0884542 0.911546
1 0.704704 0.295296
0 0.394158 0.605842
1 0.759453 0.240547
1 0.795647 0.204353
1 0.816185 0.183815
1 0.82669 0.17331
1 0.958331 0.0416695
1 0.849282 0.150718
1 0.68361 0.31639
1 0.886149 0.113851
1 0.819319 0.180681
1 0.56371 0.43629
1 0.680372 0.319628
1 0.775883 0.224117
0 0.239968 0.760032
1 0.660444 0.339556
1 0.913394 0.0866065
1 0.892934 0.107066
1 0.649795 0.350205
1 0.942288 0.057712
1 0.785068 0.214932
1 0.652432 0.347568
1 0.939417 0.060583
0 0.112415 0.887585
1 0.893472 0.106528
1 0.803433 0.196567
1 0.908193 0.0918069
1 0.662508 0.337492
1 0.619723 0.380277
1 0.782689 0.217311
0 0.146864 0.853136
1 0.712886 0.287114
1 0.545061 0.454939
1 0.857134 0.142866
1 0.878534 0.121466
1 0.784898 0.215102
1 0.891518 0.108482
1 0.890458 0.109542
1 0.911167 0.0888332
1 0.83623 0.16377
1 0.888845 0.111155
1 0.909291 0.090709
1 0.82529 0.17471
1 0.952808 0.0471923
1 0.880115 0.119885
0 0.298886 0.701114
1 0.810771 0.189229
1 0.833291 0.166709
1 0.929918 0.0700825
1 0.913311 0.086689
1 0.895746 0.104254
1 0.595966 0.404034
1 0.844432 0.155568
1 0.899894 0.100106
1 0.791784 0.208216
1 0.593059 0.406941
1 0.874355 0.125645
0 0.399062 0.600938
1 0.904384 0.0956158
0 0.309769 0.690231
1 0.907791 0.0922091
1 0.932427 0.067573
1 0.657715 0.342285
1 0.850423 0.149577
1 0.557661 0.442339
1 0.741284 0.258716
0 0.0442493 0.955751
0 0.454283 0.545717
0 0.0240789 0.975921
0 0.356023 0.643977
1 0.724403 0.275597
0 0.481147 0.518853
0 0.0479746 0.952025
0 0.238497 0.761503
1 0.883595 0.116405
1 0.512888 0.487112
0 0.359913 0.640087
0 0.0372333 0.962767
0 0.0325287 0.967471
1 0.534971 0.465029
0 0.011242 0.988758
1 0.867142 0.132858
0 0.00550725 0.994493
0 0.3356 0.6644
0 0.153849 0.846151
0 0.00927751 0.990722
0 0.326545 0.673455
0 0.223684 0.776316
0 0.200804 0.799196
0 0.25336 0.74664
0 0.0393792 0.960621
0 0.0305811 0.969419
0 0.00729969 0.9927
1 0.828995 0.171005
0 0.285775 0.714225
0 0.145962 0.854038
0 0.364509 0.635491
0 0.0582238 0.941776
0 0.233203 0.766797
1 0.883206 0.116794
1 0.5 0.5
0 0.0871186 0.912881
1 0.852771 0.147229
0 0.00390786 0.996092
0 0.441742 0.558258
1 0.937596 0.0624037
0 0.109016 0.890984
0 0.224589 0.775411
0 0.358239 0.641761
1 0.778025 0.221975
1 0.691079 0.308921
0 0.302578 0.697422
0 0.159752 0.840248
1 0.736768 0.263232
1 0.707436 0.292564
0 0.309594 0.690406
0 0.300107 0.699893
0 0.0520403 0.94796
0 0.198227 0.801773
0 0.318343 0.681657
0 0.0105033 0.989497
0 0.332402 0.667598
0 0.0831469 0.916853
1 0.730685 0.269315
0 0.11466 0.88534
1 0.630547 0.369453
0 0.0903099 0.90969
0 0.113594 0.886406
0 0.0496016 0.950398
0 0.0353148 0.964685
1 0.582475 0.417525
0 0.0129088 0.987091
0 0.101571 0.898429
1 0.555758 0.444242
0 0.445998 0.554002
0 0.267889 0.732111
0 0.479223 0.520777
1 0.618058 0.381942
0 0.117508 0.882492
0 0.336114 0.663886
0 0.319597 0.680403
0 0.00443945 0.995561
1 0.659635 0.340365
0 0.163839 0.836161
1 0.944348 0.0556524
0 0.0112631 0.988737
1 0.629718 0.370282
1 0.529665 0.470335
0 0.02048 0.97952
0 0.414543 0.585457
1 0.762711 0.237289
1 0.5 0.5
1 0.701977 0.298023
0 4.07241e-06 0.999996
0 0.288793 0.711207
1 0.769714 0.230286
1 0.852176 0.147824
0 0.0652631 0.934737
1 0.926791 0.0732087
1 0.842453 0.157547
0 0.114244 0.885756
1 0.792922 0.207078
0 0.471073 0.528927
0 0.293034 0.706966
1 0.62609 0.37391
1 0.586521 0.413479
0 0.0517653 0.948235
0 0.31086 0.68914
0 0.0311338 0.968866
0 0.0379205 0.96208
0 0.485771 0.514229
0 0.279881 0.720119
0 6.20025e-07 0.999999
0 0.153732 0.846268
0 0.263786 0.736214
0 0.0310602 0.96894
0 0.0633994 0.936601
0 0.0560441 0.943956
0 0.0230137 0.976986
0 0.407896 0.592104
0 0.35778 0.64222
0 0.132745 0.867255
1 0.599258 0.400742
0 0.0232873 0.976713
0 0.0691516 0.930848
0 0.377805 0.622195
0 0.00676326 0.993237
0 0.165348 0.834652
1 0.888494 0.111506
0 0.00543168 0.994568
0 0.0954413 0.904559
1 0.897335 0.102665
0 0.366075 0.633925
0 0.484312 0.515688
0 0.317791 0.682209
0 0.0612461 0.938754
1 0.597144 0.402856
0 0.340411 0.659589
0 0.0869026 0.913097
0 0.460148 0.539852
0 0.215014 0.784986
0 0.489672 0.510328
1 0.569025 0.430975
0 0.0137407 0.986259
0 0.0491781 0.950822
1 0.895831 0.104169
0 0.0464162 0.953584
0 0.352882 0.647118
1 0.679402 0.320598
0 0.00842038 0.99158
1 0.833426 0.166574
1 0.560467 0.439533
1 0.604777 0.395223
1 0.787901 0.212099
0 0.0142648 0.985735
0 0.410762 0.589238
1 0.796795 0.203205
0 0.00547844 0.994522
0 0.00769891 0.992301
0 0.0966456 0.903354
0 0.00308361 0.996916
1 0.559245 0.440755
1 0.649435 0.350565
0 0.00761743 0.992383
0 0.0965662 0.903434
1 0.632353 0.367647
0 0.0477529 0.952247
0 0.322317 0.677683
0 0.134999 0.865001
0 0.108731 0.891269
0 0.0331671 0.966833
1 0.698239 0.301761
0 0.00548198 0.994518
0 0.18605 0.81395
1 0.544561 0.455439
1 0.5 0.5
0 0.3824 0.6176
1 0.6464 0.3536
0 0.0504313 0.949569
0 0.0767437 0.923256
0 0.336602 0.663398
0 0.229836 0.770164
0 0.103079 0.896921
0 0.0768756 0.923124
0 0.15609 0.84391
0 0.148798 0.851202
0 0.199341 0.800659
0 0.137228 0.862772
1 0.635608 0.364392
0 0.102697 0.897303
0 0.0581506 0.941849
0 0.0214119 0.978588
0 0.0501563 0.949844
0 0.463723 0.536277
1 0.670499 0.329501
1 0.82636 0.17364
0 0.446668 0.553332
0 0.0151986 0.984801
0 0.396828 0.603172
0 0.0302971 0.969703
0 0.133079 0.866921
0 0.323928 0.676072
0 0.0181707 0.981829
0 0.00846569 0.991534
0 0.139639 0.860361
