labels 1 0
1 0.778231 0.221769
0 0.472425 0.527575
1 0.723811 0.276189
0 0.462846 0.537154
1 0.741428 0.258572
1 0.636864 0.363136
1 0.882794 0.117206
0 0.0304445 0.969556
1 0.817595 0.182405
0 0.188516 0.811484
1 0.955571 0.044429
1 0.940653 0.0593468
1 0.726023 0.273977
1 0.926643 0.0733574
0 0.370044 0.629956
0 0.171614 0.828386
1 0.597139 0.402861
0 0.421871 0.578129
1 0.690799 0.309201
1 0.957336 0.0426637
1 0.790164 0.209836
1 0.973601 0.0263995
0 0.0296613 0.970339
1 0.846294 0.153706
0 0.354838 0.645162
0 0.16825 0.83175
0 0.0964154 0.903585
0 0.012748 0.987252
1 0.895849 0.104151
0 0.469656 0.530344
1 0.52629 0.47371
1 0.856335 0.143665
0 0.319819 0.680181
0 0.447925 0.552075
1 0.870915 0.129085
0 0.160813 0.839187
1 0.829783 0.170217
1 0.903684 0.0963156
0 0.159851 0.840149
0 0.148969 0.851031
1 0.635725 0.364275
1 0.880584 0.119416
0 0.333029 0.666971
1 0.877963 0.122037
1 0.5 0.5
1 0.870234 0.129766
0 0.491354 0.508646
1 0.679822 0.320178
1 0.727617 0.272383
1 0.782955 0.217045
1 0.597867 0.402133
1 0.593465 0.406535
1 0.934089 0.0659106
0 0.312608 0.687392
0 0.348897 0.651103
0 0.49066 0.50934
1 0.905672 0.0943276
0 0.476511 0.523489
1 0.783769 0.216231
1 0.84726 0.15274
1 0.954379 0.0456208
0 0.366866 0.633134
1 0.921346 0.078654
1 0.50587 0.49413
1 0.748416 0.251584
1 0.926439 0.0735614
1 0.710665 0.289335
1 0.806994 0.193006
0 0.323478 0.676522
0 0.100378 0.899622
0 0.134818 0.865182
1 0.518384 0.481616
1 0.628192 0.371808
1 0.850026 0.149974
0 0.397609 0.602391
1 0.845574 0.154426
1 0.980103 0.0198971
1 0.65422 0.34578
1 0.880843 0.119157
0 0.251313 0.748687
0 9.62024e-06 0.99999
1 0.74971 0.25029
0 0.251939 0.748061
1 0.568887 0.431113
1 0.584098 0.415902
1 0.885258 0.114742
0 0.427378 0.572622
1 0.896539 0.103461
0 0.072871 0.927129
1 0.640074 0.359926
1 0.928007 0.071993
1 0.883981 0.116019
1 0.541014 0.458986
1 0.785029 0.214971
0 0.344515 0.655485
0 0.296855 0.703145
0 0.148971 0.851029
0 0.494202 0.505798
1 0.581091 0.418909
1 0.613955 0.386045
0 0.445452 0.554548
1 0.927108 0.0728924
1 0.956461 0.0435389
0 0.152351 0.847649
1 0.764004 0.235996
0 0.435835 0.564165
1 0.87271 0.12729
1 0.666065 0.333935
0 0.0163628 0.983637
0 0.0185295 0.981471
0 0.228247 0.771753
1 0.907013 0.0929874
1 0.5 0.5
1 0.943193 0.0568068
1 0.923296 0.076704
0 0.0675476 0.932452
1 0.815248 0.184752
1 0.845388 0.154612
0 0.396507 0.603493
0 0.209138 0.790862
1 0.628603 0.371397
1 0.727485 0.272515
0 0.0132271 0.986773
1 0.622343 0.377657
1 0.873519 0.126481
1 0.953395 0.0466045
0 0.19037 0.80963
1 0.822935 0.177065
0 0.420541 0.579459
1 0.895796 0.104204
1 0.970402 0.0295975
0 0.0266001 0.9734
1 0.650403 0.349597
1 0.7157 0.2843
0 0.0571406 0.942859
0 0.332317 0.667683
1 0.707998 0.292002
0 0.489602 0.510398
1 0.81336 0.18664
1 0.5 0.5
0 0.494129 0.505871
1 0.872047 0.127953
1 0.89987 0.10013
1 0.706025 0.293975
0 0.410963 0.589037
1 0.558047 0.441953
1 0.700309 0.299691
1 0.828551 0.171449
1 0.873687 0.126313
0 0.42118 0.57882
1 0.591397 0.408603
1 0.537505 0.462495
1 0.897609 0.102391
0 0.206581 0.793419
1 0.94867 0.0513301
1 0.746861 0.253139
1 0.551028 0.448972
1 0.658805 0.341195
0 0.374991 0.625009
1 0.653734 0.346266
1 0.900185 0.0998151
1 0.95902 0.0409799
0 0.365454 0.634546
1 0.510929 0.489071
1 0.737651 0.262349
0 0.0291869 0.970813
1 0.668231 0.331769
0 0.31258 0.68742
0 0.488654 0.511346
1 0.894444 0.105556
1 0.690163 0.309837
1 0.909106 0.0908937
1 0.934829 0.0651714
1 0.819466 0.180534
1 0.812871 0.187129
1 0.946952 0.053048
0 0.369343 0.630657
1 0.649935 0.350065
1 0.870601 0.129399
1 0.944372 0.055628
0 0.0716765 0.928323
1 0.591892 0.408108
1 0.877169 0.122831
1 0.686376 0.313624
1 0.966192 0.0338076
1 0.648206 0.351794
0 0.487198 0.512802
1 0.889246 0.110754
1 0.890769 0.109231
1 0.594403 0.405597
0 0.0586358 0.941364
1 0.956692 0.0433076
1 0.5 0.5
1 0.598581 0.401419
0 0.156843 0.843157
1 0.904067 0.0959329
1 0.881436 0.118564
0 0.42879 0.57121
0 0.0397876 0.960212
0 0.44574 0.55426
0 0.312525 0.687475
0 0.00815316 0.991847
0 0.00384362 0.996156
0 0.00556869 0.994431
0 0.148735 0.851265
1 0.869031 0.130969
0 0.0781721 0.921828
0 1.6216e-06 0.999998
0 0.0213146 0.978685
0 0.385611 0.614389
0 1.23057e-05 0.999988
0 0.0190368 0.980963
0 0.0496302 0.95037
0 0.00963506 0.990365
0 0.383486 0.616514
0 0.00262959 0.99737
0 0.108953 0.891047
0 6.72818e-06 0.999993
0 0.226582 0.773418
0 0.00728048 0.99272
0 0.0032287 0.996771
0 0.0206636 0.979336
0 2.3272e-06 0.999998
0 0.0440031 0.955997
0 0.352436 0.647564
0 0.0127733 0.987227
0 0.0703391 0.929661
0 0.00267268 0.997327
1 0.651438 0.348562
0 0.00747571 0.992524
0 0.0428262 0.957174
0 0.0460867 0.953913
0 0.0150893 0.984911
0 0.00881963 0.99118
1 0.766862 0.233138
0 0.0269562 0.973044
0 0.201254 0.798746
0 0.416268 0.583732
0 4.38463e-06 0.999996
0 1.58225e-05 0.999984
0 0.0066974 0.993303
0 0.0693203 0.93068
0 0.0214282 0.978572
0 0.00595683 0.994043
0 0.0420849 0.957915
1 0.637654 0.362346
0 0.0182133 0.981787
0 0.00978972 0.99021
0 0.493941 0.506059
0 0.446665 0.553335
0 0.0902828 0.909717
0 2.39908e-07 1
0 0.00263147 0.997369
0 0.00440857 0.995591
0 0.19682 0.80318
0 8.80869e-07 0.999999
0 0.0120055 0.987995
0 0.00558213 0.994418
1 0.591715 0.408285
0 0.0158402 0.98416
0 0.027051 0.972949
0 0.0231104 0.97689
0 1.66475e-06 0.999998
0 1.6451e-07 1
0 0.138383 0.861617
0 0.0177943 0.982206
0 2.52656e-06 0.999997
0 0.0084836 0.991516
0 0.255059 0.744941
0 0.110411 0.889589
0 0.00354729 0.996453
0 0.0259336 0.974066
0 0.0265712 0.973429
0 0.00283609 0.997164
0 0.0650141 0.934986
0 0.284294 0.715706
0 0.00463104 0.995369
0 0.0653686 0.934631
0 0.0159223 0.984078
1 0.57547 0.42453
0 0.00416051 0.995839
1 0.538056 0.461944
0 0.0140313 0.985969
0 1.44586e-06 0.999999
0 0.0338901 0.96611
0 0.193046 0.806954
0 0.239794 0.760206
0 0.168982 0.831018
0 7.25808e-08 1
0 0.0071324 0.992868
1 0.739962 0.260038
1 0.889134 0.110866
0 2.07192e-07 1
0 0.128804 0.871196
0 0.468563 0.531437
0 0.00460187 0.995398
0 0.337626 0.662374
0 0.0589732 0.941027
0 0.020247 0.979753
0 0.440968 0.559032
0 0.0475511 0.952449
0 0.0160669 0.983933
0 0.294902 0.705098
0 0.0067578 0.993242
0 1.05063e-05 0.999989
0 0.0121119 0.987888
0 0.199431 0.800569
0 2.53622e-08 1
0 0.0169659 0.983034
0 0.0134016 0.986598
0 0.00911839 0.990882
0 0.0806396 0.91936
0 5.52829e-07 0.999999
0 0.00623869 0.993761
0 0.235878 0.764122
0 0.202662 0.797338
0 1.85045e-05 0.999981
0 0.387563 0.612437
0 1.45267e-06 0.999999
0 3.07044e-06 0.999997
0 0.0207628 0.979237
0 2.08225e-06 0.999998
0 0.0141283 0.985872
1 0.820166 0.179834
0 1.61642e-07 1
0 0.00403297 0.995967
1 0.776194 0.223806
0 0.205334 0.794666
0 0.020697 0.979303
0 0.165748 0.834252
0 0.0569042 0.943096
0 0.035017 0.964983
0 0.281019 0.718981
0 0.0107532 0.989247
0 0.00288369 0.997116
0 0.0807992 0.919201
0 0.0501082 0.949892
0 0.332753 0.667247
0 8.67844e-06 0.999991
0 0.00381698 0.996183
0 0.134875 0.865125
0 0.0352365 0.964764
0 0.00969282 0.990307
0 0.471429 0.528571
0 3.79012e-06 0.999996
0 0.147274 0.852726
0 3.22577e-06 0.999997
0 0.0676744 0.932326
0 0.494173 0.505827
0 0.0035997 0.9964
0 0.0582363 0.941764
1 0.712895 0.287105
0 1.52546e-05 0.999985
0 3.0669e-07 1
0 0.00653 0.99347
0 1.83416e-06 0.999998
0 0.0293656 0.970634
0 0.173384 0.826616
0 0.0179805 0.982019
0 0.00554227 0.994458
0 0.266916 0.733084
0 0.0123318 0.987668
0 0.0660514 0.933949
0 7.42618e-07 0.999999
0 0.00285666 0.997143
0 0.0164767 0.983523
0 0.155628 0.844372
0 0.0135076 0.986492
0 0.0301238 0.969876
1 0.678607 0.321393
0 0.0944731 0.905527
0 0.00764746 0.992353
0 0.213422 0.786578
0 0.00888193 0.991118
0 0.027766 0.972234
0 0.198826 0.801174
0 0.134366 0.865634
0 0.0144508 0.985549
0 0.0256386 0.974361
0 0.0452176 0.954782
0 0.100528 0.899472
0 0.0752928 0.924707
0 0.105019 0.894981
0 0.269095 0.730905
0 0.0343314 0.965669
0 0.00600906 0.993991
0 0.00782996 0.99217
0 0.0268176 0.973182
1 0.57794 0.42206
0 0.262817 0.737183
0 0.0154124 0.984588
0 0.199396 0.800604
0 2.27085e-06 0.999998
0 0.00519672 0.994803
0 1.74031e-05 0.999983
0 0.133764 0.866236
0 0.00433306 0.995667
0 7.90399e-06 0.999992
0 1.45582e-05 0.999985
0 0.0281883 0.971812
