labels 1 0
1 0.805698 0.194302
1 0.803381 0.196619
1 0.694632 0.305368
1 0.5 0.5
1 0.94804 0.0519596
0 0.421229 0.578771
1 0.935294 0.0647065
0 0.0446676 0.955332
1 0.73048 0.26952
0 0.124695 0.875305
1 0.914721 0.0852794
1 0.7024 0.2976
1 0.685509 0.314491
1 0.820455 0.179545
0 0.10018 0.89982
0 0.333254 0.666746
1 0.524736 0.475264
0 0.343044 0.656956
1 0.908989 0.0910115
1 0.94248 0.0575196
1 0.69835 0.30165
1 0.961811 0.0381886
0 0.0227446 0.977255
0 0.488137 0.511863
0 0.0377316 0.962268
0 0.360645 0.639355
0 0.0620716 0.937928
0 0.0051503 0.99485
0 0.314459 0.685541
0 0.373419 0.626581
1 0.65919 0.34081
0 0.346359 0.653641
1 0.702225 0.297775
0 0.435843 0.564157
1 0.703596 0.296404
1 0.547099 0.452901
1 0.858708 0.141292
1 0.940362 0.0596377
0 0.0950391 0.904961
0 0.106946 0.893054
1 0.718736 0.281264
1 0.750282 0.249718
1 0.519099 0.480901
1 0.830968 0.169032
0 0.308376 0.691624
1 0.795365 0.204635
1 0.705054 0.294946
0 0.415859 0.584141
1 0.642862 0.357138
1 0.903097 0.096903
0 0.210911 0.789089
1 0.516912 0.483088
1 0.912435 0.0875646
1 0.654207 0.345793
0 0.407315 0.592685
0 0.239397 0.760603
1 0.871654 0.128346
0 0.465513 0.534487
1 0.762556 0.237444
1 0.928545 0.071455
1 0.928982 0.071018
1 0.561554 0.438446
1 0.797087 0.202913
0 0.478592 0.521408
1 0.648703 0.351297
0 0.440921 0.559079
1 0.567251 0.432749
1 0.835977 0.164023
0 0.382566 0.617434
0 0.0419463 0.958054
1 0.527465 0.472535
0 0.268531 0.731469
0 0.106866 0.893134
1 0.968284 0.0317163
1 0.779413 0.220587
1 0.918789 0.0812112
1 0.932993 0.0670068
0 0.358998 0.641002
0 0.245956 0.754044
0 0.159097 0.840903
0 0.0317084 0.968292
1 0.89229 0.10771
0 0.0355758 0.964424
0 0.464052 0.535948
1 0.538746 0.461254
1 0.707453 0.292547
1 0.567087 0.432913
1 0.81547 0.18453
0 0.114821 0.885179
1 0.765186 0.234814
1 0.976246 0.0237542
1 0.796281 0.203719
1 0.654251 0.345749
1 0.555116 0.444884
0 0.41859 0.58141
0 0.0752882 0.924712
0 0.482194 0.517806
1 0.678607 0.321393
0 0.0551485 0.944852
1 0.833106 0.166894
1 0.624698 0.375302
1 0.954507 0.0454929
1 0.894933 0.105067
0 0.30569 0.69431
1 0.586833 0.413167
1 0.616945 0.383055
1 0.892194 0.107806
0 0.336775 0.663225
0 0.0140986 0.985901
0 0.0150121 0.984988
0 0.342153 0.657847
1 0.814936 0.185064
0 0.316447 0.683553
1 0.949579 0.0504211
1 0.621153 0.378847
0 0.267572 0.732428
1 0.540893 0.459107
1 0.616461 0.383539
0 0.224449 0.775551
0 0.0911207 0.908879
0 0.398359 0.601641
1 0.581441 0.418559
0 0.216135 0.783865
0 0.264292 0.735708
1 0.645892 0.354108
1 0.984193 0.0158073
0 0.392311 0.607689
1 0.938091 0.0619086
1 0.909328 0.0906722
1 0.903464 0.0965363
1 0.884561 0.115439
0 0.0360698 0.96393
1 0.844287 0.155713
1 0.570223 0.429777
0 0.0828505 0.91715
0 0.162108 0.837892
0 0.192889 0.807111
1 0.86262 0.13738
1 0.856068 0.143932
0 0.391561 0.608439
1 0.683261 0.316739
1 0.733789 0.266211
1 0.933939 0.0660613
1 0.706193 0.293807
1 0.529861 0.470139
1 0.842362 0.157638
1 0.643113 0.356887
1 0.681202 0.318798
1 0.73339 0.26661
0 0.236173 0.763827
0 0.261833 0.738167
0 0.131672 0.868328
1 0.769066 0.230934
1 0.808174 0.191826
1 0.878552 0.121448
1 0.878601 0.121399
0 0.124375 0.875625
0 0.469316 0.530684
0 0.369106 0.630894
1 0.935493 0.0645075
1 0.826834 0.173166
1 0.97293 0.0270701
0 0.401214 0.598786
1 0.516072 0.483928
0 0.362622 0.637378
0 0.0259432 0.974057
1 0.566694 0.433306
0 0.0930745 0.906925
0 0.0345075 0.965493
1 0.945081 0.054919
1 0.568935 0.431065
1 0.734703 0.265297
1 0.614106 0.385894
1 0.927818 0.0721821
1 0.796954 0.203046
1 0.809367 0.190633
0 0.338158 0.661842
0 0.438764 0.561236
1 0.647953 0.352047
1 0.835066 0.164934
0 0.14598 0.85402
1 0.846572 0.153428
1 0.97843 0.0215705
0 0.295756 0.704244
1 0.890953 0.109047
1 0.900202 0.0997977
1 0.687477 0.312523
1 0.864672 0.135328
1 0.778498 0.221502
1 0.818697 0.181303
0 0.0478459 0.952154
1 0.90589 0.0941098
0 0.176166 0.823834
1 0.888286 0.111714
0 0.16991 0.83009
1 0.959654 0.0403464
1 0.921698 0.0783019
1 0.796425 0.203575
0 0.0200523 0.979948
0 0.323123 0.676877
0 0.163574 0.836426
0 0.0552553 0.944745
0 0.0105498 0.98945
0 0.013027 0.986973
0 0.038438 0.961562
1 0.61585 0.38415
0 0.253839 0.746161
0 0.0116576 0.988342
0 0.0516011 0.948399
0 0.0997505 0.900249
0 0.00732594 0.992674
0 0.0134453 0.986555
0 0.144653 0.855347
0 0.0103385 0.989662
0 0.289337 0.710663
0 0.00646222 0.993538
0 0.202204 0.797796
0 0.00425684 0.995743
0 0.144775 0.855225
0 0.0503435 0.949657
0 0.0285755 0.971425
0 0.0227619 0.977238
0 8.33994e-06 0.999992
0 0.0151696 0.98483
0 0.0872329 0.912767
0 0.0155242 0.984476
0 0.201376 0.798624
0 0.00407607 0.995924
1 0.699724 0.300276
0 0.015997 0.984003
0 0.00465929 0.995341
0 0.107909 0.892091
0 0.0386478 0.961352
0 0.0244668 0.975533
1 0.648823 0.351177
0 0.0264825 0.973517
0 0.142433 0.857567
0 0.347683 0.652317
0 0.00411129 0.995889
0 0.016724 0.983276
0 0.0163509 0.983649
0 0.0509488 0.949051
0 0.0247904 0.97521
0 0.0144587 0.985541
0 0.0580446 0.941955
0 0.440354 0.559646
0 0.0341151 0.965885
0 0.0247652 0.975235
0 0.126628 0.873372
0 0.467355 0.532645
0 0.0528569 0.947143
0 0.00746912 0.992531
0 0.0143536 0.985646
0 0.00369772 0.996302
0 0.126617 0.873383
0 1.64505e-05 0.999984
0 0.0199328 0.980067
0 0.0169257 0.983074
0 0.212675 0.787325
0 0.0213604 0.97864
0 0.022967 0.977033
0 0.0438563 0.956144
0 0.00726093 0.992739
0 3.03455e-06 0.999997
1 0.562096 0.437904
0 0.0588987 0.941101
0 0.00953058 0.990469
0 0.0174554 0.982545
0 0.218837 0.781163
0 0.159912 0.840088
0 0.00408748 0.995913
0 0.187629 0.812371
0 0.0142803 0.98572
0 0.0114389 0.988561
0 0.26155 0.73845
0 0.120949 0.879051
0 0.0125824 0.987418
0 0.386049 0.613951
0 0.0140974 0.985903
0 0.366785 0.633215
0 0.00557761 0.994422
0 0.337428 0.662572
0 0.0318831 0.968117
0 0.00281942 0.997181
0 0.0222463 0.977754
0 0.274496 0.725504
0 0.151648 0.848352
0 0.092394 0.907606
0 0.0170367 0.982963
0 0.0488192 0.951181
1 0.599451 0.400549
1 0.767157 0.232843
0 0.00526397 0.994736
0 0.0259467 0.974053
0 0.475602 0.524398
0 0.0154229 0.984577
1 0.548814 0.451186
0 0.0206846 0.979315
0 0.0193486 0.980651
0 0.0347362 0.965264
0 0.0126665 0.987333
0 0.00698333 0.993017
0 0.163347 0.836653
0 0.00759258 0.992407
0 0.0126083 0.987392
0 0.0275027 0.972497
0 0.405708 0.594292
0 5.01258e-06 0.999995
0 0.0425234 0.957477
0 0.0350027 0.964997
0 0.0147492 0.985251
0 0.0338482 0.966152
0 0.0122103 0.98779
0 0.00511721 0.994883
0 0.240406 0.759594
0 0.0674902 0.93251
0 0.00572741 0.994273
0 0.0657588 0.934241
0 0.00700418 0.992996
0 0.00585217 0.994148
0 0.0441416 0.955858
0 0.00269142 0.997309
0 0.0211849 0.978815
1 0.939484 0.0605155
0 0.00588587 0.994114
0 0.0060943 0.993906
0 0.415401 0.584599
0 0.115747 0.884253
0 0.0970582 0.902942
0 0.0900561 0.909944
0 0.0627488 0.937251
0 0.164704 0.835296
0 0.234358 0.765642
0 0.00987858 0.990121
0 0.00556656 0.994433
0 0.119676 0.880324
0 0.256274 0.743726
0 0.102088 0.897912
0 0.0204995 0.9795
0 0.0184507 0.981549
0 0.186222 0.813778
0 0.0517912 0.948209
0 0.0372706 0.962729
0 0.471123 0.528877
0 0.00620122 0.993799
0 0.0878683 0.912132
0 0.00899838 0.991002
0 0.0158486 0.984151
0 0.367657 0.632343
0 0.00775462 0.992245
0 0.106175 0.893825
1 0.52277 0.47723
0 0.0398228 0.960177
0 0.00320669 0.996793
0 0.00577578 0.994224
0 1.05763e-05 0.999989
0 0.112277 0.887723
0 0.0714951 0.928505
0 0.0110058 0.988994
0 0.0103502 0.98965
0 0.151044 0.848956
0 0.108152 0.891848
0 0.0704859 0.929514
0 0.0182325 0.981767
0 0.0102487 0.989751
0 0.0174481 0.982552
0 0.286447 0.713553
0 0.19284 0.80716
0 0.0254402 0.97456
0 0.152205 0.847795
0 0.0553933 0.944607
0 0.00663365 0.993366
0 0.110198 0.889802
0 0.00962138 0.990379
0 0.0456918 0.954308
0 0.113069 0.886931
0 0.121676 0.878324
0 0.0245089 0.975491
0 0.00874222 0.991258
0 0.222246 0.777754
0 0.0304646 0.969535
0 0.0325007 0.967499
0 0.132487 0.867513
0 0.244513 0.755487
0 0.0137688 0.986231
0 0.0286422 0.971358
0 0.00470272 0.995297
0 0.0623158 0.937684
0 0.15094 0.84906
0 0.0913593 0.908641
0 0.0166879 0.983312
0 0.113925 0.886075
0 1.66743e-05 0.999983
0 0.0174533 0.982547
0 0.00585675 0.994143
0 0.0576144 0.942386
0 0.00813563 0.991864
0 0.00647395 0.993526
0 0.00823795 0.991762
0 0.0112756 0.988724
